lambda_1 =

   47.7029
   43.8925
   34.8906
   24.9321
    0.0289
    0.0325
    0.0062
   -0.0072
    0.0076
    0.0029
   -0.0096
    0.0070
    0.0001
   -0.0051
    0.0040
    0.0014
   -0.0027
    0.0013
    0.0061
   -0.0090


mu_1 =

    0.0090
   -0.0059


res =

    0.0000
    0.0000
    0.0001
    0.0002
    0.0003
    0.0004
    0.0005
    0.0006
    0.0007
    0.0008
    0.0008
    0.0008
    0.0007
    0.0006
    0.0004
    0.0002
   -0.0000
   -0.0002
   -0.0004
   -0.0006
   -0.0007
   -0.0008
   -0.0008
   -0.0008
   -0.0007
   -0.0005
   -0.0003
   -0.0001
    0.0002
    0.0004
    0.0006
    0.0008
    0.0009
    0.0009
    0.0008
    0.0007
    0.0006
    0.0003
    0.0001
   -0.0002
   -0.0005
   -0.0007
   -0.0009
   -0.0010
   -0.0010
   -0.0009
   -0.0008
   -0.0006
   -0.0003
    0.0000
    0.0003
    0.0006
    0.0009
    0.0011
    0.0012
    0.0012
    0.0011
    0.0008
    0.0005
    0.0002
   -0.0002
   -0.0006
   -0.0010
   -0.0013
   -0.0015
   -0.0015
   -0.0014
   -0.0011
   -0.0008
   -0.0003
    0.0002
    0.0008
    0.0013
    0.0017
    0.0020
    0.0020
    0.0019
    0.0015
    0.0010
    0.0003
   -0.0005
   -0.0013
   -0.0021
   -0.0027
   -0.0030
   -0.0031
   -0.0027
   -0.0020
   -0.0010
    0.0004
    0.0020
    0.0035
    0.0049
    0.0058
    0.0060
    0.0053
    0.0034
   -0.0000
   -0.0051
   -0.0120
   -0.0147
   -0.0072
   -0.0015
    0.0025
    0.0049
    0.0060
    0.0061
    0.0053
    0.0039
    0.0023
    0.0007
   -0.0008
   -0.0020
   -0.0028
   -0.0032
   -0.0032
   -0.0028
   -0.0021
   -0.0012
   -0.0002
    0.0006
    0.0014
    0.0019
    0.0021
    0.0021
    0.0019
    0.0014
    0.0008
    0.0002
   -0.0005
   -0.0010
   -0.0014
   -0.0016
   -0.0016
   -0.0014
   -0.0011
   -0.0006
   -0.0001
    0.0004
    0.0008
    0.0011
    0.0013
    0.0013
    0.0012
    0.0009
    0.0005
    0.0001
   -0.0003
   -0.0006
   -0.0009
   -0.0011
   -0.0011
   -0.0010
   -0.0008
   -0.0005
   -0.0001
    0.0002
    0.0005
    0.0008
    0.0009
    0.0010
    0.0009
    0.0007
    0.0005
    0.0002
   -0.0002
   -0.0004
   -0.0007
   -0.0008
   -0.0009
   -0.0008
   -0.0007
   -0.0004
   -0.0002
    0.0001
    0.0003
    0.0006
    0.0007
    0.0008
    0.0007
    0.0006
    0.0005
    0.0002
    0.0000
   -0.0002
   -0.0004
   -0.0006
   -0.0007
   -0.0007
   -0.0006
   -0.0005
   -0.0003
   -0.0001
    0.0001
    0.0003
    0.0005
    0.0006
    0.0007
    0.0006
    0.0006
    0.0004
    0.0002
    0.0000
   -0.0002
   -0.0003
   -0.0005
   -0.0006
   -0.0006
   -0.0006
   -0.0005
   -0.0004
   -0.0002
   -0.0000
    0.0002
    0.0003
    0.0005
    0.0005
    0.0006
    0.0006
    0.0005
    0.0004
    0.0002
    0.0001
   -0.0001
   -0.0003
   -0.0004
   -0.0005
   -0.0005
   -0.0005
   -0.0005
   -0.0004
   -0.0003
   -0.0001
    0.0000
    0.0002
    0.0003
    0.0004
    0.0005
    0.0005
    0.0005
    0.0005
    0.0004
    0.0003
    0.0001
   -0.0000
   -0.0002
   -0.0003
   -0.0004
   -0.0005
   -0.0005
   -0.0005
   -0.0005
   -0.0004
   -0.0003
   -0.0002
   -0.0000
    0.0001
    0.0002
    0.0003
    0.0004
    0.0005
    0.0005
    0.0005
    0.0004
    0.0004
    0.0003
    0.0002
    0.0000
   -0.0001
   -0.0002
   -0.0003
   -0.0004
   -0.0005
   -0.0005
   -0.0005
   -0.0005
   -0.0004
   -0.0003
   -0.0002
   -0.0001
    0.0000
    0.0002
    0.0003
    0.0004
    0.0004
    0.0005
    0.0005
    0.0005
    0.0004
    0.0004
    0.0003
    0.0002
    0.0001
   -0.0000
   -0.0002
   -0.0003
   -0.0003
   -0.0004
   -0.0004
   -0.0005


step =

     2

lambda_1 =

   47.7082
   43.8961
   34.8939
   24.9343
   16.2327
    9.5713
    5.2612
    2.7789
    1.3263
    0.5947
    0.2921
    0.1149
    0.0296
    0.0321
    0.0065
   -0.0072
    0.0079
    0.0026
   -0.0090
    0.0066
   -0.0000
   -0.0052
    0.0034
    0.0012
   -0.0034
    0.0018
    0.0047
   -0.0074


mu_1 =

    0.0079
   -0.0048


res =

    0.0000
   -0.0000
   -0.0001
   -0.0001
   -0.0002
   -0.0003
   -0.0004
   -0.0005
   -0.0006
   -0.0007
   -0.0007
   -0.0007
   -0.0006
   -0.0005
   -0.0003
   -0.0002
   -0.0000
    0.0002
    0.0003
    0.0005
    0.0006
    0.0007
    0.0007
    0.0006
    0.0006
    0.0004
    0.0003
    0.0001
   -0.0001
   -0.0003
   -0.0005
   -0.0006
   -0.0007
   -0.0007
   -0.0007
   -0.0006
   -0.0005
   -0.0003
   -0.0001
    0.0001
    0.0003
    0.0005
    0.0006
    0.0007
    0.0008
    0.0008
    0.0007
    0.0005
    0.0003
    0.0001
   -0.0002
   -0.0004
   -0.0006
   -0.0008
   -0.0009
   -0.0009
   -0.0008
   -0.0007
   -0.0005
   -0.0002
    0.0001
    0.0004
    0.0007
    0.0009
    0.0010
    0.0011
    0.0010
    0.0009
    0.0006
    0.0003
   -0.0001
   -0.0004
   -0.0008
   -0.0011
   -0.0013
   -0.0014
   -0.0014
   -0.0011
   -0.0008
   -0.0003
    0.0002
    0.0008
    0.0013
    0.0017
    0.0020
    0.0021
    0.0019
    0.0015
    0.0008
   -0.0001
   -0.0011
   -0.0021
   -0.0030
   -0.0037
   -0.0039
   -0.0035
   -0.0023
   -0.0002
    0.0030
    0.0073
    0.0090
    0.0044
    0.0010
   -0.0014
   -0.0029
   -0.0035
   -0.0035
   -0.0031
   -0.0023
   -0.0013
   -0.0003
    0.0005
    0.0012
    0.0016
    0.0018
    0.0018
    0.0015
    0.0011
    0.0006
    0.0001
   -0.0004
   -0.0008
   -0.0010
   -0.0012
   -0.0011
   -0.0009
   -0.0007
   -0.0003
    0.0000
    0.0003
    0.0006
    0.0008
    0.0008
    0.0008
    0.0007
    0.0005
    0.0002
   -0.0000
   -0.0003
   -0.0005
   -0.0006
   -0.0006
   -0.0006
   -0.0005
   -0.0003
   -0.0001
    0.0001
    0.0002
    0.0004
    0.0005
    0.0005
    0.0005
    0.0004
    0.0003
    0.0001
   -0.0001
   -0.0002
   -0.0003
   -0.0004
   -0.0004
   -0.0004
   -0.0003
   -0.0002
   -0.0001
    0.0001
    0.0002
    0.0003
    0.0003
    0.0004
    0.0003
    0.0003
    0.0002
    0.0001
   -0.0001
   -0.0002
   -0.0002
   -0.0003
   -0.0003
   -0.0003
   -0.0002
   -0.0001
   -0.0001
    0.0000
    0.0001
    0.0002
    0.0003
    0.0003
    0.0002
    0.0002
    0.0001
    0.0001
   -0.0000
   -0.0001
   -0.0002
   -0.0002
   -0.0002
   -0.0002
   -0.0002
   -0.0001
   -0.0001
    0.0000
    0.0001
    0.0001
    0.0002
    0.0002
    0.0002
    0.0002
    0.0001
    0.0001
    0.0000
   -0.0000
   -0.0001
   -0.0001
   -0.0002
   -0.0002
   -0.0002
   -0.0002
   -0.0001
   -0.0001
   -0.0000
    0.0001
    0.0001
    0.0001
    0.0002
    0.0002
    0.0002
    0.0001
    0.0001
    0.0001
    0.0000
   -0.0001
   -0.0001
   -0.0001
   -0.0002
   -0.0002
   -0.0002
   -0.0001
   -0.0001
   -0.0001
   -0.0000
    0.0000
    0.0001
    0.0001
    0.0001
    0.0002
    0.0001
    0.0001
    0.0001
    0.0001
    0.0000
   -0.0000
   -0.0001
   -0.0001
   -0.0001
   -0.0001
   -0.0001
   -0.0001
   -0.0001
   -0.0001
   -0.0001
   -0.0000
    0.0000
    0.0001
    0.0001
    0.0001
    0.0001
    0.0001
    0.0001
    0.0001
    0.0001
    0.0000
    0.0000
   -0.0000
   -0.0001
   -0.0001
   -0.0001
   -0.0001
   -0.0001
   -0.0001
   -0.0001
   -0.0001
   -0.0000
   -0.0000
    0.0000
    0.0001
    0.0001
    0.0001
    0.0001
    0.0001
    0.0001
    0.0001
    0.0001
    0.0001
    0.0000
   -0.0000
   -0.0001
   -0.0001
   -0.0001
   -0.0001
   -0.0001


step =

     3

